#Layout of plot zone full-shd : b2mn     B2.5 bjb99/7 SOLPS-ITER  2026-01-21  11:10 pshenoa ITER#012_(DT1-F57-W,_15MA,_H-mode,_D+He+Ne,_120MW,_wlld_3/9/
#R	Z	Rc	Zc	x	DG_elm
 6.13097E+00	-3.18850E+00	 6.18758E+00	-3.13430E+00	 7.83705E-02	 1065
 6.24418E+00	-3.08010E+00	 6.31865E+00	-3.01245E+00	 2.57351E-01	  812
 6.39312E+00	-2.94479E+00	 6.43202E+00	-2.91459E+00	 4.07215E-01	  813
 6.47093E+00	-2.88438E+00	 6.51695E+00	-2.84866E+00	 5.14727E-01	  814
 6.56296E+00	-2.81293E+00	 6.64165E+00	-2.75184E+00	 6.72599E-01	  815
 6.72033E+00	-2.69076E+00	 6.78899E+00	-2.63746E+00	 8.59126E-01	  816
 6.85764E+00	-2.58416E+00	 6.91809E+00	-2.53723E+00	 1.02256E+00	  817
 6.97853E+00	-2.49030E+00	 7.03367E+00	-2.44750E+00	 1.16889E+00	  818
 7.08880E+00	-2.40470E+00	 7.14069E+00	-2.36441E+00	 1.30438E+00	  819
 7.19258E+00	-2.32413E+00	 7.24613E+00	-2.26149E+00	 1.45248E+00	  820
 7.29968E+00	-2.19885E+00	 7.36076E+00	-2.12312E+00	 1.63218E+00	  821
 7.42183E+00	-2.04740E+00	 7.47798E+00	-1.96404E+00	 1.82997E+00	  822
 7.53413E+00	-1.88067E+00	 7.59084E+00	-1.79648E+00	 2.03199E+00	  823
 7.64755E+00	-1.71229E+00	 7.72317E+00	-1.60002E+00	 2.26887E+00	  824
 7.79880E+00	-1.48774E+00	 7.83968E+00	-1.42705E+00	 2.47742E+00	  825
 7.88056E+00	-1.36635E+00	 7.92646E+00	-1.27017E+00	 2.65717E+00	  826
 7.97236E+00	-1.17398E+00	 8.04914E+00	-1.00032E+00	 2.95362E+00	  827
 8.12591E+00	-8.26668E-01	 8.16533E+00	-7.37493E-01	 3.24099E+00	  828
 8.20476E+00	-6.48318E-01	 8.21699E+00	-6.09156E-01	 3.37952E+00	  829
 8.22923E+00	-5.69995E-01	 8.25668E+00	-4.61372E-01	 3.53258E+00	  830
 8.28412E+00	-3.52750E-01	 8.30544E+00	-2.41780E-01	 3.75762E+00	  831
 8.32676E+00	-1.30811E-01	 8.33777E+00	-1.73852E-02	 3.98458E+00	  832
 8.34878E+00	 9.60403E-02	 8.36105E+00	 2.43054E-01	 4.24606E+00	  833
 8.37332E+00	 3.90067E-01	 8.38018E+00	 4.72180E-01	 4.47598E+00	  834
 8.38703E+00	 5.54294E-01	 8.38149E+00	 6.70278E-01	 4.67450E+00	  835
 8.37596E+00	 7.86261E-01	 8.35353E+00	 9.75907E-01	 4.98158E+00	  836
 8.33110E+00	 1.16555E+00	 8.31692E+00	 1.28543E+00	 5.29326E+00	  837
 8.30274E+00	 1.40531E+00	 8.29389E+00	 1.44396E+00	 5.45363E+00	  838
 8.28504E+00	 1.48261E+00	 8.25257E+00	 1.59580E+00	 5.61103E+00	  839
 8.22010E+00	 1.70899E+00	 8.18171E+00	 1.82036E+00	 5.84659E+00	  840
 8.14332E+00	 1.93174E+00	 8.10762E+00	 2.02040E+00	 6.05998E+00	  841
 8.07193E+00	 2.10907E+00	 8.01283E+00	 2.23588E+00	 6.29547E+00	  842
 7.95374E+00	 2.36270E+00	 7.89427E+00	 2.46427E+00	 6.55308E+00	  843
 7.83480E+00	 2.56584E+00	 7.79629E+00	 2.62039E+00	 6.73754E+00	  844
 7.75778E+00	 2.67493E+00	 7.66123E+00	 2.81170E+00	 6.97173E+00	  845
 7.56468E+00	 2.94846E+00	 7.49755E+00	 3.04355E+00	 7.25554E+00	  846
 7.43042E+00	 3.13864E+00	 7.37175E+00	 3.19796E+00	 7.45537E+00	  855
 7.31308E+00	 3.25729E+00	 7.23299E+00	 3.32765E+00	 7.64540E+00	  854
 7.15291E+00	 3.39800E+00	 7.03574E+00	 3.50095E+00	 7.90798E+00	  853
 6.91856E+00	 3.60390E+00	 6.86660E+00	 3.64955E+00	 8.13312E+00	  852
 6.81463E+00	 3.69521E+00	 6.69763E+00	 3.79801E+00	 8.35804E+00	  851
 6.58063E+00	 3.90080E+00	 6.49284E+00	 3.96933E+00	 8.62516E+00	  850
 6.40506E+00	 4.03787E+00	 6.31703E+00	 4.10494E+00	 8.84720E+00	  849
 6.22899E+00	 4.17202E+00	 6.14135E+00	 4.23880E+00	 9.06805E+00	  848
 6.05372E+00	 4.30557E+00	 5.96606E+00	 4.37236E+00	 9.28844E+00	  847
 5.87840E+00	 4.43915E+00	 5.80323E+00	 4.48965E+00	 9.48920E+00	  856
 5.72805E+00	 4.54014E+00	 5.66462E+00	 4.55450E+00	 9.64480E+00	  857
 5.60118E+00	 4.56886E+00	 5.53280E+00	 4.58435E+00	 9.77995E+00	  858
 5.46442E+00	 4.59983E+00	 5.39841E+00	 4.61477E+00	 9.91774E+00	  859
 5.33241E+00	 4.62971E+00	 5.27200E+00	 4.64339E+00	 1.00474E+01	  860
 5.21159E+00	 4.65707E+00	 5.13772E+00	 4.67379E+00	 1.01850E+01	  861
 5.06386E+00	 4.69052E+00	 4.98342E+00	 4.69491E+00	 1.03413E+01	  862
 4.90298E+00	 4.69930E+00	 4.82815E+00	 4.65244E+00	 1.05102E+01	  863
 4.75332E+00	 4.60558E+00	 4.63152E+00	 4.52930E+00	 1.07422E+01	  864
 4.50972E+00	 4.45303E+00	 4.47322E+00	 4.43017E+00	 1.09290E+01	  865
 4.43672E+00	 4.40731E+00	 4.40626E+00	 4.38824E+00	 1.10080E+01	  866
 4.37580E+00	 4.36916E+00	 4.34836E+00	 4.34619E+00	 1.10797E+01	  867
 4.32092E+00	 4.32321E+00	 4.30565E+00	 4.26561E+00	 1.11751E+01	  868
 4.29039E+00	 4.20802E+00	 4.27372E+00	 4.14514E+00	 1.12997E+01	  869
 4.25705E+00	 4.08226E+00	 4.23680E+00	 4.00586E+00	 1.14438E+01	  870
 4.21655E+00	 3.92945E+00	 4.19369E+00	 3.84320E+00	 1.16121E+01	  871
 4.17083E+00	 3.75695E+00	 4.14773E+00	 3.65407E+00	 1.18067E+01	  872
 4.12463E+00	 3.55118E+00	 4.12289E+00	 3.46334E+00	 1.20000E+01	  873
 4.12116E+00	 3.37549E+00	 4.11945E+00	 3.28893E+00	 1.21745E+01	  874
 4.11774E+00	 3.20237E+00	 4.11603E+00	 3.11559E+00	 1.23479E+01	  875
 4.11432E+00	 3.02880E+00	 4.11328E+00	 2.97637E+00	 1.24871E+01	  876
 4.11225E+00	 2.92394E+00	 4.10984E+00	 2.80173E+00	 1.26618E+01	  877
 4.10742E+00	 2.67952E+00	 4.10636E+00	 2.59166E+00	 1.28719E+01	  878
 4.10530E+00	 2.50380E+00	 4.10530E+00	 2.39542E+00	 1.30681E+01	  879
 4.10530E+00	 2.28704E+00	 4.10530E+00	 2.21866E+00	 1.32449E+01	  880
 4.10530E+00	 2.15027E+00	 4.10530E+00	 2.06155E+00	 1.34020E+01	  881
 4.10530E+00	 1.97284E+00	 4.10530E+00	 1.93760E+00	 1.35259E+01	  882
 4.10530E+00	 1.90237E+00	 4.10530E+00	 1.75974E+00	 1.37038E+01	  883
 4.10530E+00	 1.61711E+00	 4.10530E+00	 1.55490E+00	 1.39087E+01	  884
 4.10530E+00	 1.49268E+00	 4.10530E+00	 1.37676E+00	 1.40868E+01	  885
 4.10530E+00	 1.26084E+00	 4.10530E+00	 1.17182E+00	 1.42917E+01	  886
 4.10530E+00	 1.08281E+00	 4.10530E+00	 9.93899E-01	 1.44696E+01	  887
 4.10530E+00	 9.04989E-01	 4.10530E+00	 8.15660E-01	 1.46479E+01	  888
 4.10530E+00	 7.26332E-01	 4.10530E+00	 6.38357E-01	 1.48252E+01	  889
 4.10530E+00	 5.50383E-01	 4.10530E+00	 4.80070E-01	 1.49835E+01	  890
 4.10530E+00	 4.09757E-01	 4.10530E+00	 2.85083E-01	 1.51785E+01	  891
 4.10530E+00	 1.60410E-01	 4.10530E+00	 4.28434E-02	 1.54207E+01	  892
 4.10530E+00	-7.47232E-02	 4.10530E+00	-1.12968E-01	 1.55765E+01	  893
 4.10530E+00	-1.51213E-01	 4.10530E+00	-2.35381E-01	 1.56989E+01	  894
 4.10530E+00	-3.19549E-01	 4.10530E+00	-4.52097E-01	 1.59156E+01	  895
 4.10530E+00	-5.84646E-01	 4.10530E+00	-6.24861E-01	 1.60884E+01	  896
 4.10530E+00	-6.65076E-01	 4.10530E+00	-7.83421E-01	 1.62470E+01	  897
 4.10530E+00	-9.01767E-01	 4.10530E+00	-9.49759E-01	 1.64133E+01	  898
 4.10530E+00	-9.97751E-01	 4.10530E+00	-1.07893E+00	 1.65425E+01	  899
 4.10530E+00	-1.16010E+00	 4.10530E+00	-1.26078E+00	 1.67243E+01	  900
 4.10530E+00	-1.36146E+00	 4.10530E+00	-1.41811E+00	 1.68817E+01	  901
 4.10530E+00	-1.47477E+00	 4.10530E+00	-1.55046E+00	 1.70140E+01	  902
 4.10530E+00	-1.62615E+00	 4.10530E+00	-1.69956E+00	 1.71631E+01	  903
 4.10530E+00	-1.77297E+00	 4.10530E+00	-1.84380E+00	 1.73073E+01	  904
 4.10530E+00	-1.91464E+00	 4.10530E+00	-1.98263E+00	 1.74462E+01	  905
 4.10530E+00	-2.05063E+00	 4.10530E+00	-2.11543E+00	 1.75790E+01	  906
 4.10530E+00	-2.18024E+00	 4.10530E+00	-2.24177E+00	 1.77053E+01	  907
 4.10530E+00	-2.30330E+00	 4.10530E+00	-2.36012E+00	 1.78237E+01	  908
 4.10530E+00	-2.41694E+00	 4.10995E+00	-2.48157E+00	 1.79453E+01	    1
 4.13094E+00	-2.55132E+00	 4.16062E+00	-2.56063E+00	 1.80412E+01	 1053
 4.19030E+00	-2.56994E+00	 4.21626E+00	-2.58145E+00	 1.81007E+01	 1052
 4.24222E+00	-2.59297E+00	 4.26500E+00	-2.60559E+00	 1.81551E+01	 1051
 4.28779E+00	-2.61820E+00	 4.30767E+00	-2.63261E+00	 1.82057E+01	 1050
 4.32756E+00	-2.64701E+00	 4.34482E+00	-2.66182E+00	 1.82530E+01	 1049
 4.36207E+00	-2.67663E+00	 4.37672E+00	-2.69070E+00	 1.82961E+01	 1048
 4.39136E+00	-2.70477E+00	 4.40389E+00	-2.72090E+00	 1.83368E+01	 1047
 4.41641E+00	-2.73702E+00	 4.42762E+00	-2.75146E+00	 1.83755E+01	 1046
 4.43883E+00	-2.76590E+00	 4.44820E+00	-2.78143E+00	 1.84119E+01	 1045
 4.45758E+00	-2.79696E+00	 4.46554E+00	-2.81314E+00	 1.84481E+01	 1044
 4.47350E+00	-2.82931E+00	 4.48118E+00	-2.84493E+00	 1.84835E+01	 1043
 4.48886E+00	-2.86055E+00	 4.49541E+00	-2.88081E+00	 1.85222E+01	 1042
 4.50195E+00	-2.90106E+00	 4.50884E+00	-2.92759E+00	 1.85709E+01	 1041
 4.51573E+00	-2.95412E+00	 4.51954E+00	-2.99039E+00	 1.86348E+01	 1040
 4.52336E+00	-3.02666E+00	 4.52327E+00	-3.06097E+00	 1.87056E+01	 1039
 4.52317E+00	-3.09527E+00	 4.52138E+00	-3.10711E+00	 1.87519E+01	 1038
 4.51959E+00	-3.11895E+00	 4.51777E+00	-3.13096E+00	 1.87760E+01	 1037
 4.51595E+00	-3.14297E+00	 4.51490E+00	-3.14992E+00	 1.87951E+01	 1036
 4.51384E+00	-3.15686E+00	 4.51275E+00	-3.16407E+00	 1.88095E+01	 1035
 4.51166E+00	-3.17129E+00	 4.50902E+00	-3.18091E+00	 1.88267E+01	 1034
 4.50639E+00	-3.19053E+00	 4.49803E+00	-3.21334E+00	 1.88610E+01	  764
 4.48967E+00	-3.23614E+00	 4.48411E+00	-3.25129E+00	 1.89014E+01	  763
 4.47856E+00	-3.26644E+00	 4.46814E+00	-3.28918E+00	 1.89426E+01	  762
 4.45772E+00	-3.31192E+00	 4.45032E+00	-3.32708E+00	 1.89845E+01	  761
 4.44293E+00	-3.34224E+00	 4.42556E+00	-3.37785E+00	 1.90409E+01	  760
 4.40820E+00	-3.41346E+00	 4.39528E+00	-3.43995E+00	 1.91100E+01	  759
 4.38236E+00	-3.46644E+00	 4.37166E+00	-3.48839E+00	 1.91639E+01	  758
 4.36095E+00	-3.51034E+00	 4.35173E+00	-3.52925E+00	 1.92094E+01	  757
 4.34251E+00	-3.54816E+00	 4.33441E+00	-3.56476E+00	 1.92489E+01	  756
 4.32632E+00	-3.58136E+00	 4.31916E+00	-3.59605E+00	 1.92837E+01	  755
 4.31199E+00	-3.61074E+00	 4.30555E+00	-3.62396E+00	 1.93148E+01	  754
 4.29910E+00	-3.63718E+00	 4.29327E+00	-3.64914E+00	 1.93428E+01	  753
 4.28744E+00	-3.66109E+00	 4.28220E+00	-3.67184E+00	 1.93680E+01	  752
 4.27696E+00	-3.68259E+00	 4.27225E+00	-3.69224E+00	 1.93907E+01	  751
 4.26754E+00	-3.70189E+00	 4.26332E+00	-3.71055E+00	 1.94111E+01	  750
 4.25910E+00	-3.71920E+00	 4.25533E+00	-3.72694E+00	 1.94293E+01	  749
 4.25156E+00	-3.73467E+00	 4.24821E+00	-3.74153E+00	 1.94456E+01	  748
 4.24487E+00	-3.74838E+00	 4.24197E+00	-3.75432E+00	 1.94598E+01	  747
 4.23908E+00	-3.76026E+00	 4.23657E+00	-3.76541E+00	 1.94721E+01	  746
 4.23406E+00	-3.77055E+00	 4.23199E+00	-3.77480E+00	 1.94826E+01	  745
 4.22992E+00	-3.77905E+00	 4.22915E+00	-3.78062E+00	 1.94890E+01	  744
 4.22839E+00	-3.78219E+00	 4.22748E+00	-3.78404E+00	 1.94929E+01	  743
 4.22658E+00	-3.78589E+00	 4.22532E+00	-3.78848E+00	 1.94978E+01	  742
 4.22405E+00	-3.79108E+00	 4.22320E+00	-3.79282E+00	 1.95026E+01	  741
 4.22235E+00	-3.79457E+00	 4.22192E+00	-3.79545E+00	 1.95056E+01	  740
 4.22149E+00	-3.79633E+00	 4.22118E+00	-3.79696E+00	 1.95072E+01	  739
 4.22087E+00	-3.79760E+00	 4.22029E+00	-3.79879E+00	 1.95093E+01	  738
 4.21970E+00	-3.79999E+00	 4.21879E+00	-3.80187E+00	 1.95127E+01	  737
 4.21787E+00	-3.80375E+00	 4.21657E+00	-3.80641E+00	 1.95177E+01	  736
 4.21528E+00	-3.80907E+00	 4.21355E+00	-3.81260E+00	 1.95246E+01	  735
 4.21183E+00	-3.81614E+00	 4.20966E+00	-3.82058E+00	 1.95335E+01	  734
 4.20750E+00	-3.82502E+00	 4.20645E+00	-3.82717E+00	 1.95408E+01	  733
 4.20540E+00	-3.82933E+00	 4.20380E+00	-3.83260E+00	 1.95469E+01	  732
 4.20221E+00	-3.83587E+00	 4.19904E+00	-3.84236E+00	 1.95577E+01	  731
 4.19588E+00	-3.84885E+00	 4.19218E+00	-3.85644E+00	 1.95734E+01	  730
 4.18848E+00	-3.86403E+00	 4.18425E+00	-3.87270E+00	 1.95915E+01	  729
 4.18002E+00	-3.88137E+00	 4.19125E+00	-3.88255E+00	 1.96124E+01	  940
 4.20248E+00	-3.88373E+00	 4.20869E+00	-3.88422E+00	 1.96300E+01	  939
 4.21491E+00	-3.88471E+00	 4.21707E+00	-3.88487E+00	 1.96384E+01	  938
 4.21922E+00	-3.88504E+00	 4.22258E+00	-3.88531E+00	 1.96439E+01	  937
 4.22593E+00	-3.88557E+00	 4.22903E+00	-3.88582E+00	 1.96504E+01	  936
 4.23214E+00	-3.88606E+00	 4.23508E+00	-3.88629E+00	 1.96564E+01	  935
 4.23803E+00	-3.88653E+00	 4.24088E+00	-3.88675E+00	 1.96622E+01	  934
 4.24373E+00	-3.88698E+00	 4.24653E+00	-3.88720E+00	 1.96679E+01	  933
 4.24934E+00	-3.88742E+00	 4.25213E+00	-3.88764E+00	 1.96735E+01	  932
 4.25492E+00	-3.88786E+00	 4.25704E+00	-3.88802E+00	 1.96785E+01	  931
 4.25916E+00	-3.88819E+00	 4.26268E+00	-3.88847E+00	 1.96841E+01	  930
 4.26621E+00	-3.88875E+00	 4.26912E+00	-3.88898E+00	 1.96906E+01	  929
 4.27202E+00	-3.88921E+00	 4.27504E+00	-3.88944E+00	 1.96965E+01	  928
 4.27806E+00	-3.88968E+00	 4.28123E+00	-3.88993E+00	 1.97027E+01	  927
 4.28441E+00	-3.89018E+00	 4.28780E+00	-3.89045E+00	 1.97093E+01	  926
 4.29119E+00	-3.89072E+00	 4.29489E+00	-3.89101E+00	 1.97164E+01	  925
 4.29859E+00	-3.89130E+00	 4.30274E+00	-3.89163E+00	 1.97243E+01	  924
 4.30690E+00	-3.89195E+00	 4.31039E+00	-3.89223E+00	 1.97320E+01	  923
 4.31389E+00	-3.89250E+00	 4.32125E+00	-3.89308E+00	 1.97429E+01	  922
 4.32862E+00	-3.89366E+00	 4.33665E+00	-3.89430E+00	 1.97583E+01	  921
 4.34469E+00	-3.89493E+00	 4.35529E+00	-3.89577E+00	 1.97770E+01	  920
 4.36588E+00	-3.89660E+00	 4.37491E+00	-3.89731E+00	 1.97967E+01	  919
 4.38394E+00	-3.89802E+00	 4.40289E+00	-3.89952E+00	 1.98248E+01	  918
 4.42185E+00	-3.90101E+00	 4.43902E+00	-3.90236E+00	 1.98610E+01	  917
 4.45619E+00	-3.90372E+00	 4.47408E+00	-3.90375E+00	 1.98961E+01	  916
 4.49196E+00	-3.90378E+00	 4.48915E+00	-3.92115E+00	 1.99316E+01	  915
 4.48634E+00	-3.93853E+00	 4.48304E+00	-3.95708E+00	 1.99680E+01	  914
 4.47975E+00	-3.97563E+00	 4.47240E+00	-3.99567E+00	 2.00082E+01	  913
 4.46505E+00	-4.01572E+00	 4.45287E+00	-4.03715E+00	 2.00542E+01	  912
 4.44069E+00	-4.05859E+00	 4.43327E+00	-4.06724E+00	 2.00903E+01	  911
 4.42586E+00	-4.07588E+00	 4.41739E+00	-4.08575E+00	 2.01147E+01	  910
 4.40892E+00	-4.09562E+00	 4.40510E+00	-4.10007E+00	 2.01335E+01	  909
 4.49150E+00	-3.90650E+00	 4.56840E+00	-3.82485E+00	 2.02516E+01	   32
 4.64131E+00	-3.75526E+00	 4.68573E+00	-3.73594E+00	 2.04122E+01	 1002
 4.73016E+00	-3.71662E+00	 4.76451E+00	-3.71243E+00	 2.04952E+01	 1003
 4.79885E+00	-3.70824E+00	 4.83362E+00	-3.70908E+00	 2.05646E+01	 1004
 4.86840E+00	-3.70993E+00	 4.89941E+00	-3.71481E+00	 2.06308E+01	 1005
 4.93042E+00	-3.71969E+00	 4.95386E+00	-3.72570E+00	 2.06864E+01	 1006
 4.97730E+00	-3.73171E+00	 4.98452E+00	-3.73434E+00	 2.07183E+01	 1007
 4.99174E+00	-3.73698E+00	 4.99743E+00	-3.73964E+00	 2.07322E+01	 1008
 5.00313E+00	-3.74230E+00	 5.02067E+00	-3.75050E+00	 2.07579E+01	 1009
 5.03821E+00	-3.75870E+00	 5.06136E+00	-3.77227E+00	 2.08041E+01	 1010
 5.08451E+00	-3.78584E+00	 5.10976E+00	-3.80432E+00	 2.08622E+01	 1011
 5.13501E+00	-3.82280E+00	 5.15741E+00	-3.84633E+00	 2.09260E+01	 1012
 5.17981E+00	-3.86985E+00	 5.19802E+00	-3.89604E+00	 2.09904E+01	 1013
 5.25260E+00	-3.98240E+00	 5.26245E+00	-4.12160E+00	 2.11618E+01	   41
 5.12194E+00	-4.40302E+00	 5.14950E+00	-4.40272E+00	 2.13289E+01	  941
 5.17706E+00	-4.40242E+00	 5.18444E+00	-4.38188E+00	 2.13783E+01	  942
 5.19182E+00	-4.36134E+00	 5.20184E+00	-4.34447E+00	 2.14197E+01	  943
 5.21186E+00	-4.32760E+00	 5.22287E+00	-4.31312E+00	 2.14576E+01	  944
 5.23389E+00	-4.29864E+00	 5.24583E+00	-4.28687E+00	 2.14925E+01	  945
 5.25777E+00	-4.27511E+00	 5.27544E+00	-4.27836E+00	 2.15272E+01	  946
 5.29311E+00	-4.28160E+00	 5.30459E+00	-4.29308E+00	 2.15614E+01	  947
 5.31608E+00	-4.30457E+00	 5.32181E+00	-4.31029E+00	 2.15858E+01	  948
 5.32753E+00	-4.31601E+00	 5.34174E+00	-4.33022E+00	 2.16140E+01	  949
 5.35595E+00	-4.34443E+00	 5.36434E+00	-4.35281E+00	 2.16459E+01	  950
 5.37273E+00	-4.36120E+00	 5.38009E+00	-4.36855E+00	 2.16682E+01	  951
 5.38745E+00	-4.37591E+00	 5.39368E+00	-4.38214E+00	 2.16874E+01	  952
 5.39992E+00	-4.38837E+00	 5.40501E+00	-4.39346E+00	 2.17034E+01	  953
 5.41010E+00	-4.39855E+00	 5.41367E+00	-4.40212E+00	 2.17157E+01	  954
 5.41723E+00	-4.40568E+00	 5.42131E+00	-4.40976E+00	 2.17265E+01	  955
 5.42540E+00	-4.41384E+00	 5.42846E+00	-4.41690E+00	 2.17366E+01	  956
 5.43152E+00	-4.41997E+00	 5.43427E+00	-4.42272E+00	 2.17448E+01	  957
 5.43702E+00	-4.42547E+00	 5.43954E+00	-4.42799E+00	 2.17523E+01	  958
 5.44207E+00	-4.43051E+00	 5.44442E+00	-4.43286E+00	 2.17592E+01	  959
 5.44677E+00	-4.43521E+00	 5.44899E+00	-4.43743E+00	 2.17656E+01	  960
 5.45122E+00	-4.43966E+00	 5.45335E+00	-4.44179E+00	 2.17718E+01	  961
 5.45548E+00	-4.44391E+00	 5.45754E+00	-4.44597E+00	 2.17777E+01	  962
 5.45960E+00	-4.44803E+00	 5.46161E+00	-4.45004E+00	 2.17835E+01	  963
 5.46362E+00	-4.45205E+00	 5.46559E+00	-4.45403E+00	 2.17891E+01	  964
 5.46757E+00	-4.45600E+00	 5.46952E+00	-4.45795E+00	 2.17947E+01	  965
 5.47148E+00	-4.45991E+00	 5.47289E+00	-4.46132E+00	 2.17994E+01	  966
 5.47431E+00	-4.46274E+00	 5.47682E+00	-4.46524E+00	 2.18050E+01	  967
 5.47932E+00	-4.46775E+00	 5.48131E+00	-4.46974E+00	 2.18113E+01	  968
 5.48330E+00	-4.47173E+00	 5.48532E+00	-4.47375E+00	 2.18170E+01	  969
 5.48735E+00	-4.47577E+00	 5.48943E+00	-4.47786E+00	 2.18228E+01	  970
 5.49152E+00	-4.47994E+00	 5.49369E+00	-4.48211E+00	 2.18288E+01	  971
 5.49586E+00	-4.48428E+00	 5.49816E+00	-4.48658E+00	 2.18351E+01	  972
 5.50045E+00	-4.48887E+00	 5.50293E+00	-4.49134E+00	 2.18419E+01	  973
 5.50540E+00	-4.49382E+00	 5.50814E+00	-4.49656E+00	 2.18493E+01	  974
 5.51089E+00	-4.49930E+00	 5.51378E+00	-4.50220E+00	 2.18572E+01	  975
 5.51668E+00	-4.50509E+00	 5.52079E+00	-4.50921E+00	 2.18671E+01	  976
 5.52491E+00	-4.51332E+00	 5.52984E+00	-4.51825E+00	 2.18799E+01	  977
 5.53477E+00	-4.52317E+00	 5.54232E+00	-4.53073E+00	 2.18976E+01	  978
 5.54988E+00	-4.53828E+00	 5.55704E+00	-4.53907E+00	 2.19155E+01	  979
 5.56420E+00	-4.53987E+00	 5.56420E+00	-4.52786E+00	 2.19347E+01	  765
 5.56420E+00	-4.51585E+00	 5.56420E+00	-4.50511E+00	 2.19574E+01	  766
 5.56420E+00	-4.49438E+00	 5.56420E+00	-4.48494E+00	 2.19776E+01	  767
 5.56420E+00	-4.47551E+00	 5.56420E+00	-4.46982E+00	 2.19927E+01	  768
 5.56420E+00	-4.46412E+00	 5.56420E+00	-4.46167E+00	 2.20009E+01	  769
 5.56420E+00	-4.45922E+00	 5.56420E+00	-4.45234E+00	 2.20102E+01	  770
 5.56420E+00	-4.44546E+00	 5.56420E+00	-4.44233E+00	 2.20202E+01	  771
 5.56420E+00	-4.43919E+00	 5.56420E+00	-4.43667E+00	 2.20259E+01	  772
 5.56420E+00	-4.43415E+00	 5.56420E+00	-4.43102E+00	 2.20315E+01	  773
 5.56420E+00	-4.42789E+00	 5.56420E+00	-4.42652E+00	 2.20360E+01	  774
 5.56420E+00	-4.42515E+00	 5.56420E+00	-4.42172E+00	 2.20408E+01	  775
 5.56420E+00	-4.41830E+00	 5.56420E+00	-4.41687E+00	 2.20457E+01	  776
 5.56420E+00	-4.41544E+00	 5.56420E+00	-4.41443E+00	 2.20481E+01	  777
 5.56420E+00	-4.41342E+00	 5.56420E+00	-4.41185E+00	 2.20507E+01	  778
 5.56420E+00	-4.41028E+00	 5.56420E+00	-4.40947E+00	 2.20531E+01	  779
 5.56420E+00	-4.40865E+00	 5.56420E+00	-4.40753E+00	 2.20550E+01	  780
 5.56420E+00	-4.40641E+00	 5.56420E+00	-4.40415E+00	 2.20584E+01	  781
 5.56420E+00	-4.40190E+00	 5.56420E+00	-4.40012E+00	 2.20624E+01	  782
 5.56420E+00	-4.39835E+00	 5.56420E+00	-4.39675E+00	 2.20658E+01	  783
 5.56420E+00	-4.39515E+00	 5.56420E+00	-4.39068E+00	 2.20719E+01	  784
 5.56420E+00	-4.38620E+00	 5.56420E+00	-4.38360E+00	 2.20789E+01	  785
 5.56420E+00	-4.38101E+00	 5.56420E+00	-4.37799E+00	 2.20846E+01	  786
 5.56420E+00	-4.37497E+00	 5.56420E+00	-4.36820E+00	 2.20944E+01	  787
 5.56420E+00	-4.36143E+00	 5.56420E+00	-4.35735E+00	 2.21052E+01	  788
 5.56420E+00	-4.35327E+00	 5.56420E+00	-4.34937E+00	 2.21132E+01	  789
 5.56420E+00	-4.34548E+00	 5.56420E+00	-4.33623E+00	 2.21263E+01	  790
 5.56420E+00	-4.32698E+00	 5.56420E+00	-4.31638E+00	 2.21462E+01	  791
 5.56420E+00	-4.30577E+00	 5.56420E+00	-4.29366E+00	 2.21689E+01	  792
 5.56420E+00	-4.28155E+00	 5.56420E+00	-4.26774E+00	 2.21948E+01	  793
 5.56420E+00	-4.25393E+00	 5.56420E+00	-4.24579E+00	 2.22168E+01	  794
 5.56420E+00	-4.23765E+00	 5.56420E+00	-4.23002E+00	 2.22325E+01	  795
 5.56420E+00	-4.22239E+00	 5.56420E+00	-4.20425E+00	 2.22583E+01	  796
 5.56420E+00	-4.18612E+00	 5.56420E+00	-4.16496E+00	 2.22976E+01	  797
 5.56420E+00	-4.14381E+00	 5.56420E+00	-4.11831E+00	 2.23442E+01	  798
 5.56420E+00	-4.09281E+00	 5.56420E+00	-4.07670E+00	 2.23858E+01	  799
 5.56420E+00	-4.06060E+00	 5.56420E+00	-4.04421E+00	 2.24183E+01	  800
 5.56420E+00	-4.02782E+00	 5.56420E+00	-3.99781E+00	 2.24647E+01	  801
 5.56420E+00	-3.96781E+00	 5.56420E+00	-3.94908E+00	 2.25135E+01	  802
 5.56420E+00	-3.93035E+00	 5.56533E+00	-3.89763E+00	 2.25649E+01	  803
 5.56645E+00	-3.86490E+00	 5.56748E+00	-3.83820E+00	 2.26244E+01	  804
 5.56850E+00	-3.81149E+00	 5.57279E+00	-3.78327E+00	 2.26797E+01	  805
 5.57708E+00	-3.75505E+00	 5.58181E+00	-3.73207E+00	 2.27317E+01	  806
 5.58655E+00	-3.70909E+00	 5.59382E+00	-3.68768E+00	 2.27778E+01	  807
 5.60109E+00	-3.66626E+00	 5.60762E+00	-3.64983E+00	 2.28181E+01	  808
 5.61415E+00	-3.63339E+00	 5.61785E+00	-3.62407E+00	 2.28458E+01	  809
 5.62155E+00	-3.61476E+00	 5.62412E+00	-3.60828E+00	 2.28628E+01	  810
 5.62669E+00	-3.60181E+00	 5.62928E+00	-3.59528E+00	 2.28768E+01	  811
 5.63188E+00	-3.58876E+00	 5.64221E+00	-3.57033E+00	 2.29049E+01	 1054
 5.65254E+00	-3.55191E+00	 5.66259E+00	-3.53661E+00	 2.29443E+01	 1055
 5.67264E+00	-3.52131E+00	 5.69539E+00	-3.48919E+00	 2.30020E+01	 1056
 5.71813E+00	-3.45706E+00	 5.74527E+00	-3.42962E+00	 2.30800E+01	 1057
 5.77241E+00	-3.40218E+00	 5.81069E+00	-3.37200E+00	 2.31673E+01	 1058
 5.84897E+00	-3.34181E+00	 5.87932E+00	-3.32183E+00	 2.32524E+01	 1059
 5.90968E+00	-3.30185E+00	 5.92948E+00	-3.29376E+00	 2.33101E+01	 1060
 5.94929E+00	-3.28567E+00	 5.96782E+00	-3.27810E+00	 2.33515E+01	 1061
 5.98636E+00	-3.27053E+00	 6.00456E+00	-3.26309E+00	 2.33912E+01	 1062
 6.02276E+00	-3.25566E+00	 6.03488E+00	-3.25282E+00	 2.34233E+01	 1063
 6.04700E+00	-3.24997E+00	 6.06251E+00	-3.24705E+00	 2.34516E+01	 1064
 6.07803E+00	-3.24412E+00
